011001011101110
001000001111001
001011011111000
110011000101110
010110011111000
001010011011011
110111111010101
111101100101100
110000101010011
000100011111010
110110000000010
100101111110110
101001001000111
100101001000111
110110101101101
101110001100100
011010100011111
110111011001101
011101001010111
110100110011100
101001000010110
011111100010100
011101111001001
011101111111000
110001011100010
101111000011110
011010010001111
010011001100101
010111010011001
101001000111110
100001001010111
000100000000001
011011100101110
011100101101100
110100110010010
101000000000100
010101001011001
011011101011100
001111011011011
110110010010111
110010010010010
010000010100110
001011011111100
000110101011001
101011010010111
111001100110000
001011101000001
111001011100100
011010011001100
110111110011000
100001111111011
111110100011111
101011111000111
101011001000111
100000111110101
011111011110010
111111100110011
110011110010000
100101100010001
010100111000011
010101001011010
101100011100011
011000101001001
010010010100011
011001111111101
000000110110100
001101100111100
001110111100101
010101110001010
110111000000000
110010111100101
001100010110101
111110001000011
111100101010101
110100111010000
011000001110011
101011000000100
011000010101000
110110000111111
010010011001111
011000001001101
001010000100100
011100011010101
001001001110001
101011101000100
100011111111011
011111011111011
100100001010101
111101111110010
010110011100101
011000100111111
101110111101000
010111000101011
011000110100111
100111110100101
111001010101100
011001110001100
100101011010001
110010000100000
010111101001011
010111101011011
100010011110000
001101011001001
001001000011000
111100011110000
101101000001001
001101011111010
111011011110010
100001111100101
000110111111101
001001110010001
000000001111001
011010010111100
001110101110101
100011011101001
000011011010010
100101110010101
010110010101110
100110111010001
100010000111111
111101100000001
000010010111101
100100000010011
100101101001110
011011110111010
010010000111110
010011010001011
000011101010110
011011100001101
110111110000001
000111100001110
110100101001000
011011110011010
000010110101101
110000010101111
110010011011011
111110100110001
000011110001100
110000011110110
110011010011101
100111100110100
100011100100001
110000110011101
101011100110010
011110101101011
110000110101001
011010110000111
110000011111000
100111001100110
001010111100110
011011010111101
011001010011100
111111010010000
101000101101000
011011101100101
010110110000101
011001101111001
100111101001010
101110110110101
000110111110111
011101011011010
011010000011111
111010101100010
101110111100110
011001000101000
011110000111001
001001110110001
110000011110101
111110111100001
010110011010100
001111110001000
000100000111111
100111111100111
110011001000001
001111010100111
111101110010100
011100111101010
110001011101010
100111010001101
111111001101101
100111000100111
101111100110011
100100010000011
010010000010010
111101001010011
111101001110100
100010101001000
011000110110111
011010110101000
101011000011011
010001111111001
111101111011000
011101000001011
001110101101010
000100001011101
001001111011101
011011011111001
111011101100000
110110010011101
001011101000110
111100110110010
110110010100000
110010010100111
001111010100000
100100001100110
011111111011100
110010111001011
010110110111111
011110100111011
001101110010110
011000010110000
000111010000111
100101010110110
111111000001011
011000110101101
100110100101011
111000010000010
000001110010101
011111001000110
101011000011010
011010001011001
011010111000111
101000011010111
111111101011010
011110011001010
100110110110010
111101101010011
010011000011110
011011000111000
100101000000100
000011010110011
001101101001100
111011100110011
101010101110001
001101110001011
110101110000010
100100010010111
001010010001100
001111111100101
001101100011101
011111011001000
001000000000011
100101110011110
000100110100000
100111001100001
010001111011101
100001010100001
101101110001000
111010101110011
000000011001001
101000101111100
100001000111000
011000011011110
010110111010000
010101111101010
000100100110101
011100101111001
110011011100111
000000001111111
110000010110010
011001111101111
000100111010111
101100111001001
100110110101011
111011011000010
001111001101111
110101111010101
110110101101001
100010011000000
100010111110011
110001011111010
101001111010000
010101010001001
111000101011011
011010011110000
111110100001010
100011110100000
000100010000000
011110001011111
011111111100110
111010111100100
111100010011010
000101000010000
010100011110111
011100000001111
100010000111000
101010011000100
000010010000111
010000110101000
011111101101011
011111000010001
101111010010001
011111101011110
011000111001011
010001001000101
111101100000001
101001000010101
010111110111010
001000011111011
001000101001111
100000001000001
110111000100111
001000111010110
110010011100011
010001000011000
110100110101111
100011111101100
111001100001001
100001101010001
101100111000000
100011101110001
010100101100101
101000100101101
111000100100110
111010000111110
011111001011100
011110111011111
100111101101100
110111010101110
111001000001100
010010101101011
001010000011010
100010100101011
000111000111111
011111110011111
111100000111110
101000001101011
011001100100000
101001011001100
110010011010010
110111111010111
001011111000110
100000110010010
101011000111110
110101010110000
010000001001101
010011011001010
000001011111110
011110111001010
010010111100111
100010111000010
111001000111101
011110001011101
100011101001011
101010011111100
001101001110010
000011100100000
100101001111110
011100100011100
011101000110001
001000110100010
110010000101010
010010010111010
101010101000110
011011000000111
010100001101100
011100101001100
101101101100110
010110101010101
000010110101110
101111101001101
101110010000111
001010111101001
110000111110000
100010101100011
001101111111010
000010010001110
001011001100110
010001100001011
001111101110010
101000011100100
100000101011110
100010000000011
010101000101001
100001000000111
101001011111000
101110010101111
000111110101011
111110000001100
100110011100001
011100110101101
011000110000001
110001010011100
000110011000011
010000000001011
110100010010101
100100000001001
111110111000110
011100000011101
000001000110010
101011000111001
100000011011101
101101110111110
001000100011011
110011010000011
110100001011011
100000110100010
011100010001011
111111110100010
101100010100100
010001111111010
111110000100101
010101110011000
101111001011101
100000011010010
000001111110000
011000100101001
010010000110010
101100000001110
110010011101111
000001001100010
011000110000011
011110001111100
100100111011100
001100010110010
001101011100101
010010011001100
010001010001001
011001111110111
101001111100001
011010010011110
010100110111011
010110000010111
111011001110010
101101101101111
011001001101010
001100100001111
001111010111000
100100000110001
110000111010111
000110010101100
100110000001011
010011101101101
100010101011101
101100100110110
010111011110011
100100000100001
100000010000100
100111000000101
010110000010111
101110011011111
111110010011110
111101111011100
011011100101010
011000010111111
100100000011100
110010111011110
111111101101110
010110000011101
001001101101101
100110011011011
000010101001011
011000001101111
111000111001101
101001100001001
011100001011000
101111011101100
110101110110110
111001100110001
000101010110110
100110011100000
100101001000001
111001001010110
011101100101001
010101010101100
000110010001000
010011000111100
010100010010000
100110110100001
111110111010111
010010100111011
101101010111101
101110100001101
001110100000010
000100011010000
110000100001100
011000011101110
011001101000011
001111001000000
110100101011101
010100101001100
101100000110100
011011011110101
010000110001010
011000110111110
101010000010000
010000000100101
000110011011011
101101000111101
100000011110100
000110000011111
110110000011101
100101000100001
001101000011000
000100101111010
011001110110000
010101001111101
010111010010100
101110100000000
101111000111110
100100101110000
011011001011011
101110101010111
101110010011010
100100111001100
000011001010101
111011011111010
100100110000111
011011001011111
011101001110111
110110001101110
000011111110011
010110111001111
110000101100000
100011110101011
111111110100101
011010101111001
010111101000000
101101101001111
101101000110101
100001011001100
001000001101001
111011101110011
111001000111111
100101111010110
011001111111100
111011001010100
100010111010110
010110010001110
111011101010101
010011101101110
101001010101101
100100110100111
000011000001111
010001001010001
010100101010001
100011101111101
110111110101101
000110110010100
001111101110001
011011110011000
101000110101110
001001101000010
001001100011000
010111100111110
010000011010001
011100010000111
100101000010111
011000111101000
010011011011101
010010101100010
111011100010100
100010010001011
011100100011101
000010101100101
001011111100010
100111101000111
110100010100001
000110001001010
100001101111101
010100100001111
101110000101001
101100001000000
010010110000111
101110111100110
100111111110110
101000101101110
010011111100011
100011010101010
110010011101000
111011010101000
010101001011010
010101101001001
100000111111010
111100000111000
110010100011010
010101011101111
000101010001101
101001010101101
000100000011000
010100000011001
100010110111001
101111001111100
010010110001010
100010100011010
000001001000100
111100001001011
000000101000000
101011110000110
100010100110001
111110100100110
011011101011011
010000111011100
000010101111011
010101101011100
010000100100010
101000001010111
111010010100010
010101101000010
111001111001100
100001001101011
001010001110100
000100110000110
110110011111001
010111110011010
010110000101110
010001000010110
110100010110111
010001000101101
101011101011010
000100110010011
011011011110010
010110011011010
101110111100000
010000101010010
000001110101001
100000111001011
100111110010000
000001101100111
110100101101111
101001001010100
000011001001100
000001000001000
011100011010000
010010100001101
010000011100110
101010001110010
101111101001000
101000010000100
011010100111011
101010000101100
000010101100110
100001010111010
001100100100100
111101110001000
101001011110101
010111000011011
001011101000111
101110100011010
001101010010101
010011010111100
111110000010010
111011011111111
111001001010001
010100001001011
011010000110100
101001100111110
101011101000011
100010100001000
110110010000001
111100000011101
111111111001101
101011000100101
011111000011100
111100100110110
100110000100011
010010101001100
111101010010010
010110000011100
100100111001111
101011001000101
001111001111111
010111110110110
000101100100111
100111100001001
110001001011001
000010011110100
001011000011110
010101011101010
101011011010001
010111000100100
001110001001010
010001101001101
010110101100111
000010111110001
110010001111111
010101110011010
010111100000110
010101010000000
111100111100100
000110011111001
011010001101101
000011000010011
000100110000110
101011010100100
111011111000011
000001101111010
100101000001101
010000011111011
101001101001011
101011100100000
010100111100100
101001110010110
100011000000000
101010110011010
111101010001001
000101111001000
110001110001011
110111111011010
010000010111000
010111000111001
110110110001000
101000101001010
110100011101000
010001110011010
000010011111011
111111111001101
000000011111110
010111101011001
100101011011011
100010110101110
010110011101111
000100001101000
001110100111010
111010100111111
000110000110001
101001001110111
100010011000111
111110001010000
011010010100100
010010000100010
001000000001111
010100000101010
011011001010110
101101100100111
110101111010000
010001010110100
111110010101010
000101100011011
001100010010110
001010111110110
110110110100011
010011111111000
010010111111100
010101101100110
110011011000011
011011100010011
111111010101011
000000011101011
001111110000000
010011100101000
101000110001111
011111110100010
000101001011111
000110010101011
100111001100010
000111000000001
111001000011001
101111110100110
000110100111111
000111101111110
010010010100010
011110011110011
010100110011110
101101000000110
101001010011001
101111111100110
011100011001101
101100111001010
000100000110100
000111101001010
001000001010010
110100010101000
101111100000001
010001101101001
000110000100001
101001001110000
011000001100100
011101011000010
111111101110110
111101110000100
110100100100011
010001110111000
011100111000110
100110011011100
101010001110000
000110101111011
110011111010111
111000001101100
111011010111010
101111101110111
011011001101010
111010101000010
100001101001001
011100100110000
110000011100010
010000101101001
100010010110011
101111000110001
001000100111001
010011111000110
000011011010111
000101011001011
111100100101011
001101100000011
000100101101110
010011110011110
101111100100001
010110101011100
001010100101100
011101000010001
000010000010110
000010100011000
110100100001000
010011001101111
011100000110010
011001111110110
110010010010010
000100110001010
011110010001011
000101111000010
010000001110100
111100111010000
111111000111110
001101000101100
101011111101011
011110110000001
101101010110101
100111011010111
010001000010010
111101011101000
110101001100001
101111011101000
111000011111100
000001000111100
110101001111111
110000100101111
010110111001100
000010111000111
111001011111100
101111100110010
100101110011111
011111001110000
000110110001001
111010000110110
001011110001110
000011010100110
100001100101011
100100011011010
010001000011101
000010100001101
001010001001011
111010011011100
100111001010111
111110000001001
101101110000111
110000110100001
011100111110100
011111101010000
001111101101101
011010011111011
011111000111100
111111001111001
110101000100100
010110111010110
111010101011000
000010011101101
000011111101110
001111000010001
111001101000101
000000001000110
010100110001100
010010010001001
111101110110001
011100011100011
110000011011101
000111100011100
001000101100101
000001001010111
100101011111111
011011010000100
001011100110111
000011011011100
101000100010110
000011011110000
101111111111001
111010011011010
000000011010011
001111110011111
010111101010110
011101010010011
010010001101001
100101111110101
100100111111111
111011110011010
101001110110110
101001010111010
000101101010011
000000100101100
011110010010010
110010101111111
101011001110010
000100010010101
000100111010010
101101110000101
011110100010010
011000100110010
111001010100100
111000101100000
110010001010111
000111111000100
011000110100000
100110110101010
101100110010100
000001000001101
110101000100110
111111110011110
010100111100010
111000000011011
010100100011000
110111010110001
100101100111111
011001001000011
110110110010100
011100010001011
100100101000001
111001111001011
001100011001011
011100010010000
001101110100101
000000110111111
111110001000101
001011101110011
000000011011000
000110001000101
101000001000111
010000110101011
000101111011100
011010111110011
001101101110000
000101001101110
110001011011010
000111100000101
011000111000000
011111010000110
100111111001010
000001001001110
010001111111001
011000010110100
010110100000000
111000110101010
111101001001100
001010111011101
101010010011000
011011011110010
100110011000100
100001010100111
011011101100010
111011100011010
011010100011111
110001110011110
111110100001110
000010101001110
100010100001101
110100001000101
010111010111111
000100110100100
111101100011111
101111011010101
100011011110111
011010100000100
000000001100001
111100101000000
001111011111000
000100111010100
100110001011100
100000010110000
010101101101011
001111011111111
001000010101101
100101010101000
101001110101101
111010101111001
101001001110001
110101111000011
010010000010010
011001100110101
001011010011001
011111110001001
011000111001001
111010110011001
110011001000110
001110010100010
110101100101100
001110010001111
000111010011001
001001101101011
111111000110101
000100100110111
011101011111010
010110111111001
111000001010101
001000010010101
110000110101101
000011001111100
000100000010111
000110000100111
100011100001001
011100111011110
011010101000000
